[[0.96 0.02 0.   0.02 0.   0.   0.   0.   0.   0.   0.   0.  ]
 [0.03 0.94 0.   0.   0.   0.   0.02 0.   0.   0.   0.   0.01]
 [0.   0.   0.86 0.02 0.01 0.04 0.   0.04 0.01 0.02 0.   0.  ]
 [0.   0.02 0.   0.9  0.04 0.   0.   0.   0.   0.03 0.01 0.  ]
 [0.   0.   0.   0.07 0.89 0.   0.01 0.02 0.   0.01 0.   0.  ]
 [0.01 0.   0.   0.   0.01 0.84 0.   0.03 0.01 0.   0.   0.1 ]
 [0.01 0.01 0.   0.03 0.   0.   0.9  0.03 0.01 0.   0.01 0.  ]
 [0.   0.02 0.02 0.06 0.01 0.07 0.06 0.59 0.02 0.1  0.03 0.02]
 [0.   0.   0.01 0.   0.   0.   0.   0.01 0.98 0.   0.   0.  ]
 [0.   0.   0.   0.03 0.04 0.04 0.   0.02 0.   0.82 0.04 0.01]
 [0.01 0.   0.01 0.   0.03 0.   0.   0.   0.   0.01 0.94 0.  ]
 [0.   0.   0.02 0.02 0.   0.01 0.   0.03 0.   0.01 0.   0.91]]