[[0.98 0.01 0.   0.   0.   0.   0.   0.   0.   0.01 0.   0.  ]
 [0.06 0.92 0.01 0.   0.   0.   0.01 0.   0.   0.   0.   0.  ]
 [0.   0.   0.89 0.   0.   0.02 0.   0.03 0.02 0.03 0.01 0.  ]
 [0.   0.   0.   0.89 0.07 0.01 0.   0.   0.01 0.01 0.01 0.  ]
 [0.01 0.01 0.03 0.08 0.78 0.01 0.   0.03 0.   0.04 0.01 0.  ]
 [0.01 0.   0.   0.   0.   0.82 0.   0.03 0.   0.03 0.   0.11]
 [0.01 0.01 0.   0.01 0.01 0.02 0.9  0.03 0.   0.   0.01 0.  ]
 [0.   0.03 0.05 0.01 0.   0.02 0.03 0.61 0.05 0.16 0.03 0.01]
 [0.   0.   0.02 0.   0.   0.   0.   0.01 0.97 0.   0.   0.  ]
 [0.   0.   0.01 0.01 0.02 0.04 0.   0.03 0.01 0.83 0.03 0.02]
 [0.01 0.   0.02 0.   0.   0.   0.   0.   0.   0.01 0.96 0.  ]
 [0.   0.   0.04 0.   0.   0.01 0.01 0.02 0.01 0.   0.   0.91]]