[[0.9  0.05 0.   0.02 0.01 0.01 0.   0.   0.01 0.   0.   0.  ]
 [0.05 0.86 0.01 0.   0.02 0.02 0.02 0.01 0.   0.01 0.   0.  ]
 [0.01 0.   0.67 0.01 0.08 0.15 0.   0.02 0.02 0.02 0.02 0.  ]
 [0.01 0.02 0.   0.73 0.1  0.03 0.   0.02 0.01 0.05 0.02 0.01]
 [0.03 0.   0.02 0.12 0.74 0.03 0.   0.01 0.02 0.01 0.01 0.01]
 [0.   0.   0.01 0.   0.02 0.74 0.   0.05 0.03 0.02 0.   0.13]
 [0.01 0.01 0.   0.04 0.04 0.05 0.73 0.06 0.02 0.   0.01 0.03]
 [0.01 0.   0.01 0.06 0.08 0.25 0.02 0.44 0.02 0.05 0.03 0.03]
 [0.   0.   0.02 0.   0.04 0.04 0.01 0.03 0.84 0.01 0.   0.01]
 [0.   0.01 0.05 0.04 0.04 0.18 0.   0.02 0.03 0.55 0.06 0.02]
 [0.   0.   0.   0.   0.15 0.04 0.   0.01 0.   0.01 0.79 0.  ]
 [0.   0.01 0.01 0.   0.01 0.05 0.   0.03 0.   0.   0.   0.89]]