[[0.92 0.06 0.   0.   0.   0.   0.   0.   0.01 0.01 0.   0.  ]
 [0.06 0.9  0.01 0.   0.01 0.   0.01 0.   0.   0.01 0.   0.  ]
 [0.01 0.   0.67 0.   0.06 0.11 0.   0.03 0.02 0.08 0.02 0.  ]
 [0.   0.   0.   0.93 0.04 0.01 0.01 0.   0.   0.   0.01 0.  ]
 [0.02 0.02 0.02 0.13 0.7  0.   0.   0.03 0.   0.06 0.02 0.  ]
 [0.   0.   0.01 0.   0.02 0.75 0.   0.05 0.03 0.01 0.   0.13]
 [0.02 0.03 0.   0.01 0.02 0.04 0.73 0.09 0.02 0.   0.02 0.02]
 [0.02 0.   0.03 0.   0.05 0.17 0.02 0.52 0.03 0.1  0.04 0.02]
 [0.   0.   0.02 0.   0.02 0.02 0.   0.03 0.87 0.03 0.   0.01]
 [0.   0.   0.02 0.01 0.06 0.07 0.   0.03 0.02 0.69 0.06 0.04]
 [0.   0.   0.02 0.   0.07 0.02 0.   0.02 0.01 0.03 0.82 0.01]
 [0.   0.   0.01 0.   0.   0.05 0.   0.02 0.01 0.02 0.   0.89]]