[[0.95 0.02 0.   0.02 0.   0.01 0.   0.   0.   0.   0.   0.  ]
 [0.   0.96 0.   0.   0.01 0.   0.02 0.01 0.   0.   0.   0.  ]
 [0.   0.   0.92 0.02 0.   0.02 0.   0.02 0.   0.02 0.   0.  ]
 [0.01 0.   0.01 0.94 0.02 0.   0.01 0.   0.   0.01 0.   0.  ]
 [0.   0.   0.01 0.04 0.92 0.   0.   0.02 0.   0.01 0.   0.  ]
 [0.   0.   0.   0.   0.   0.9  0.   0.05 0.   0.01 0.   0.04]
 [0.   0.01 0.   0.01 0.   0.   0.9  0.05 0.   0.   0.02 0.01]
 [0.   0.03 0.02 0.04 0.01 0.05 0.06 0.62 0.03 0.07 0.03 0.04]
 [0.   0.   0.02 0.01 0.   0.01 0.   0.01 0.94 0.   0.01 0.  ]
 [0.   0.   0.   0.02 0.02 0.05 0.01 0.02 0.   0.84 0.03 0.01]
 [0.01 0.   0.01 0.01 0.02 0.   0.   0.   0.   0.01 0.94 0.  ]
 [0.   0.   0.01 0.01 0.   0.01 0.   0.02 0.   0.01 0.   0.94]]