[[0.99 0.01 0.   0.   0.   0.   0.   0.   0.   0.   0.   0.  ]
 [0.01 0.97 0.   0.   0.   0.   0.01 0.01 0.   0.   0.   0.  ]
 [0.   0.   0.95 0.01 0.   0.01 0.   0.01 0.   0.02 0.   0.  ]
 [0.   0.01 0.   0.91 0.04 0.01 0.   0.   0.   0.02 0.01 0.  ]
 [0.01 0.01 0.01 0.04 0.9  0.   0.   0.02 0.   0.01 0.   0.  ]
 [0.   0.   0.   0.   0.   0.9  0.   0.03 0.   0.02 0.01 0.04]
 [0.01 0.   0.   0.02 0.   0.01 0.93 0.02 0.   0.   0.01 0.  ]
 [0.   0.03 0.06 0.01 0.   0.04 0.02 0.61 0.04 0.13 0.04 0.02]
 [0.   0.   0.02 0.   0.   0.   0.   0.01 0.97 0.   0.   0.  ]
 [0.   0.   0.01 0.01 0.01 0.05 0.   0.03 0.01 0.84 0.03 0.01]
 [0.01 0.   0.01 0.   0.01 0.   0.   0.   0.   0.   0.97 0.  ]
 [0.   0.   0.01 0.   0.   0.01 0.   0.02 0.   0.01 0.   0.95]]